1113 	 1
1129 	 2
1140 	 3
1148 	 4
1154 	 5
1160 	 6
1166 	 7
1171 	 8
1176 	 9
1180 	 10
1185 	 11
1189 	 12
1193 	 13
1197 	 14
1202 	 15
1206 	 16
1210 	 17
1214 	 18
1218 	 19
1222 	 20
1227 	 21
1231 	 22
1236 	 23
1240 	 24
1245 	 25
1249 	 26
1253 	 27
1258 	 28
1262 	 29
1267 	 30
1272 	 31
1277 	 32
1283 	 33
1289 	 34
1294 	 35
1299 	 36
1305 	 37
1311 	 38
1317 	 39
1324 	 40
1331 	 41
1337 	 42
1344 	 43
1353 	 44
1361 	 45
1371 	 46
1382 	 47
1394 	 48
1407 	 49
1419 	 50
1428 	 51
1441 	 52
1455 	 53
1471 	 54
1486 	 55
1504 	 56
1522 	 57
1542 	 58
1562 	 59
1586 	 60
1608 	 61
1633 	 62
1664 	 63
1706 	 64
1745 	 65
1786 	 66
1822 	 67
1858 	 68
1891 	 69
1935 	 70
1979 	 71
2020 	 72
2060 	 73
2104 	 74
2151 	 75
2190 	 76
2231 	 77
2274 	 78
2314 	 79
2358 	 80
2400 	 81
2438 	 82
2464 	 83
2502 	 84
2535 	 85
2567 	 86
2600 	 87
2634 	 88
2668 	 89
2706 	 90
2749 	 91
2795 	 92
2849 	 93
2905 	 94
2978 	 95
3075 	 96
3175 	 97
3305 	 98
3585 	 99
128208 	 100
