138 	 1
139 	 2
139 	 3
140 	 4
140 	 5
141 	 6
141 	 7
141 	 8
141 	 9
141 	 10
142 	 11
142 	 12
142 	 13
142 	 14
142 	 15
142 	 16
142 	 17
143 	 18
143 	 19
143 	 20
143 	 21
143 	 22
143 	 23
143 	 24
143 	 25
143 	 26
144 	 27
144 	 28
144 	 29
144 	 30
144 	 31
144 	 32
144 	 33
144 	 34
144 	 35
144 	 36
145 	 37
145 	 38
145 	 39
145 	 40
145 	 41
145 	 42
145 	 43
145 	 44
145 	 45
145 	 46
145 	 47
145 	 48
146 	 49
146 	 50
146 	 51
146 	 52
146 	 53
146 	 54
146 	 55
146 	 56
146 	 57
146 	 58
146 	 59
146 	 60
146 	 61
147 	 62
147 	 63
147 	 64
147 	 65
147 	 66
147 	 67
147 	 68
147 	 69
147 	 70
147 	 71
148 	 72
148 	 73
148 	 74
148 	 75
148 	 76
148 	 77
149 	 78
149 	 79
149 	 80
149 	 81
149 	 82
150 	 83
150 	 84
150 	 85
151 	 86
151 	 87
151 	 88
152 	 89
152 	 90
153 	 91
154 	 92
155 	 93
158 	 94
166 	 95
200 	 96
227 	 97
234 	 98
495 	 99
34836 	 100
