1113
1129
1140
1148
1154
1160
1166
1171
1176
1180
1185
1189
1193
1197
1202
1206
1210
1214
1218
1222
1227
1231
1236
1240
1245
1249
1253
1258
1262
1267
1272
1277
1283
1289
1294
1299
1305
1311
1317
1324
1331
1337
1344
1353
1361
1371
1382
1394
1407
1419
1428
1441
1455
1471
1486
1504
1522
1542
1562
1586
1608
1633
1664
1706
1745
1786
1822
1858
1891
1935
1979
2020
2060
2104
2151
2190
2231
2274
2314
2358
2400
2438
2464
2502
2535
2567
2600
2634
2668
2706
2749
2795
2849
2905
2978
3075
3175
3305
3585
128208
